5
241711738599064297041559683771563616655
5
3	4	1
0	3	1
1	4	1
2	3	1
0	2	1
5
2	5	190532913495013230645932619725572639436
3	1	203425560492866585865146412060992586197
3	3	26938189779268705685356385331910234866
4	1	276778405655077033699448794441271705106
4	2	311039491118663769432609262906896997730

316306724293215174837434095580393559904
5
2	4	1
3	4	1
1	4	1
2	3	1
0	2	1
5
2	5	190532913495013230645932619725572639436
3	4	26938189779268705685356385331910234866
3	1	203425560492866585865146412060992586197
4	1	311039491118663769432609262906896997730
4	2	276778405655077033699448794441271705106

122413426707749398535057609462486820033
6
2	4	1
3	4	1
1	4	1
2	3	1
0	2	1
1	3	1
6
2	6	190532913495013230645932619725572639436
3	4	26938189779268705685356385331910234866
3	2	203425560492866585865146412060992586197
4	2	311039491118663769432609262906896997730
4	1	276778405655077033699448794441271705106
4	1	28407338740603262767927920621522775333

334332082064646257233641390150216621276
4
2	3	1
0	2	1
1	3	1
3	4	1
4
2	4	190532913495013230645932619725572639436
3	4	26938189779268705685356385331910234866
4	2	311039491118663769432609262906896997730
4	1	208263414599110180129227299161406071649

70583472755460125519803218046518186337
4
1	2	1
0	3	1
3	4	1
1	4	1
3
2	4	190532913495013230645932619725572639436
3	3	26938189779268705685356385331910234866
4	2	311039491118663769432609262906896997730

228120980654083526567221909418708093562
7
2	4	1
1	2	1
0	4	1
3	4	1
0	3	1
2	3	1
1	3	1
6
2	7	190532913495013230645932619725572639436
3	3	203425560492866585865146412060992586197
3	5	26938189779268705685356385331910234866
4	2	276778405655077033699448794441271705106
4	2	28407338740603262767927920621522775333
4	1	311039491118663769432609262906896997730

186299392878969677677838981007666456434
6
2	4	1
1	2	1
3	4	1
0	3	1
2	3	1
1	3	1
6
2	6	190532913495013230645932619725572639436
3	5	26938189779268705685356385331910234866
3	2	203425560492866585865146412060992586197
4	1	208263414599110180129227299161406071649
4	2	276778405655077033699448794441271705106
4	1	28407338740603262767927920621522775333

59471967516362300881130304760998501908
6
0	1	1
2	4	1
0	4	1
3	4	1
1	4	1
2	3	1
4
2	6	190532913495013230645932619725572639436
3	2	203425560492866585865146412060992586197
3	4	26938189779268705685356385331910234866
4	4	276778405655077033699448794441271705106

# Topo. # : Multp.
241711738599064297041559683771563616655	36
316306724293215174837434095580393559904	24
122413426707749398535057609462486820033	12
334332082064646257233641390150216621276	18
70583472755460125519803218046518186337	81
228120980654083526567221909418708093562	6
186299392878969677677838981007666456434	6
59471967516362300881130304760998501908	3
