6
80217421863689884443981146804774334457
5
0	1	1
0	4	1
2	3	1
4	5	1
2	5	1
4
2	5	190532913495013230645932619725572639436
3	4	26938189779268705685356385331910234866
4	3	311039491118663769432609262906896997730
5	2	70583472755460125519803218046518186337

283983824589950802096849761265566535140
7
1	2	1
0	4	1
3	4	1
1	5	1
0	3	1
4	5	1
3	5	1
9
2	7	190532913495013230645932619725572639436
3	5	26938189779268705685356385331910234866
3	2	203425560492866585865146412060992586197
4	4	311039491118663769432609262906896997730
4	1	28407338740603262767927920621522775333
4	1	276778405655077033699448794441271705106
5	2	70583472755460125519803218046518186337
5	1	122413426707749398535057609462486820033
5	1	241711738599064297041559683771563616655

324907564450557633089238116115065655668
6
1	2	1
3	4	1
1	5	1
0	3	1
4	5	1
3	5	1
8
2	6	190532913495013230645932619725572639436
3	5	26938189779268705685356385331910234866
3	1	203425560492866585865146412060992586197
4	2	276778405655077033699448794441271705106
4	3	311039491118663769432609262906896997730
5	1	316306724293215174837434095580393559904
5	1	70583472755460125519803218046518186337
5	1	241711738599064297041559683771563616655

106803324821260688311837247872831621272
5
1	2	1
1	5	1
0	3	1
1	4	1
3	5	1
6
2	5	190532913495013230645932619725572639436
3	5	26938189779268705685356385331910234866
4	3	311039491118663769432609262906896997730
4	1	208263414599110180129227299161406071649
5	2	70583472755460125519803218046518186337
5	1	334332082064646257233641390150216621276

225565637812331437682526682259015957484
6
2	4	1
1	2	1
1	5	1
0	3	1
1	4	1
3	5	1
7
2	6	190532913495013230645932619725572639436
3	4	26938189779268705685356385331910234866
3	1	203425560492866585865146412060992586197
4	3	311039491118663769432609262906896997730
4	1	276778405655077033699448794441271705106
5	2	70583472755460125519803218046518186337
5	1	241711738599064297041559683771563616655

168941553363596711099279317792349140796
7
0	1	1
2	4	1
2	3	1
4	5	1
0	5	1
2	5	1
3	5	1
10
2	7	190532913495013230645932619725572639436
3	6	26938189779268705685356385331910234866
3	2	203425560492866585865146412060992586197
4	3	311039491118663769432609262906896997730
4	2	276778405655077033699448794441271705106
4	1	208263414599110180129227299161406071649
4	1	28407338740603262767927920621522775333
5	2	241711738599064297041559683771563616655
5	1	334332082064646257233641390150216621276
5	1	186299392878969677677838981007666456434

186490467806945553434987091843426949835
9
0	1	1
2	4	1
0	4	1
3	4	1
1	5	1
2	3	1
4	5	1
0	5	1
3	5	1
9
2	9	190532913495013230645932619725572639436
3	4	203425560492866585865146412060992586197
3	8	26938189779268705685356385331910234866
4	3	28407338740603262767927920621522775333
4	4	276778405655077033699448794441271705106
4	5	311039491118663769432609262906896997730
5	2	122413426707749398535057609462486820033
5	2	228120980654083526567221909418708093562
5	2	241711738599064297041559683771563616655

83645412693936740495027656141809699603
7
0	1	1
1	2	1
3	4	1
1	5	1
4	5	1
0	5	1
3	5	1
8
2	7	190532913495013230645932619725572639436
3	6	26938189779268705685356385331910234866
3	2	203425560492866585865146412060992586197
4	5	276778405655077033699448794441271705106
4	2	311039491118663769432609262906896997730
5	2	316306724293215174837434095580393559904
5	1	59471967516362300881130304760998501908
5	1	241711738599064297041559683771563616655

298911246535290212489600181171735334952
6
0	1	1
0	4	1
2	3	1
0	5	1
2	5	1
3	5	1
8
2	6	190532913495013230645932619725572639436
3	5	26938189779268705685356385331910234866
3	1	203425560492866585865146412060992586197
4	1	208263414599110180129227299161406071649
4	4	311039491118663769432609262906896997730
4	1	276778405655077033699448794441271705106
5	2	334332082064646257233641390150216621276
5	2	241711738599064297041559683771563616655

150457413209115674699530230766326799844
7
0	1	1
0	4	1
1	4	1
2	3	1
0	5	1
2	5	1
3	5	1
6
2	7	190532913495013230645932619725572639436
3	4	26938189779268705685356385331910234866
3	2	203425560492866585865146412060992586197
4	2	276778405655077033699448794441271705106
4	4	311039491118663769432609262906896997730
5	4	241711738599064297041559683771563616655

275523074058594287921386266849762036814
8
0	1	1
2	4	1
0	4	1
3	4	1
1	5	1
2	3	1
4	5	1
0	5	1
9
2	8	190532913495013230645932619725572639436
3	6	26938189779268705685356385331910234866
3	3	203425560492866585865146412060992586197
4	4	311039491118663769432609262906896997730
4	4	276778405655077033699448794441271705106
4	1	28407338740603262767927920621522775333
5	2	241711738599064297041559683771563616655
5	2	122413426707749398535057609462486820033
5	1	59471967516362300881130304760998501908

186117795512216682652577372307827886780
8
0	1	1
1	2	1
0	4	1
3	4	1
1	5	1
4	5	1
0	5	1
3	5	1
11
2	8	190532913495013230645932619725572639436
3	3	203425560492866585865146412060992586197
3	7	26938189779268705685356385331910234866
4	2	28407338740603262767927920621522775333
4	3	276778405655077033699448794441271705106
4	4	311039491118663769432609262906896997730
5	1	122413426707749398535057609462486820033
5	1	228120980654083526567221909418708093562
5	1	316306724293215174837434095580393559904
5	1	70583472755460125519803218046518186337
5	1	241711738599064297041559683771563616655

18701788952378986417922421284104285025
8
0	1	1
1	2	1
0	4	1
3	4	1
1	5	1
1	4	1
4	5	1
2	5	1
12
2	8	190532913495013230645932619725572639436
3	8	26938189779268705685356385331910234866
3	3	203425560492866585865146412060992586197
4	4	276778405655077033699448794441271705106
4	2	28407338740603262767927920621522775333
4	1	208263414599110180129227299161406071649
4	3	311039491118663769432609262906896997730
5	1	228120980654083526567221909418708093562
5	1	316306724293215174837434095580393559904
5	1	186299392878969677677838981007666456434
5	1	334332082064646257233641390150216621276
5	1	122413426707749398535057609462486820033

189404732720407963507943048907045141107
7
0	1	1
2	4	1
0	4	1
1	5	1
4	5	1
0	5	1
1	3	1
8
2	7	190532913495013230645932619725572639436
3	6	26938189779268705685356385331910234866
3	2	203425560492866585865146412060992586197
4	4	311039491118663769432609262906896997730
4	1	28407338740603262767927920621522775333
4	2	276778405655077033699448794441271705106
5	2	122413426707749398535057609462486820033
5	2	70583472755460125519803218046518186337

317929115559067920211216330740454345152
7
0	1	1
2	4	1
0	4	1
1	5	1
4	5	1
0	5	1
3	5	1
11
2	7	190532913495013230645932619725572639436
3	7	26938189779268705685356385331910234866
3	2	203425560492866585865146412060992586197
4	1	28407338740603262767927920621522775333
4	3	311039491118663769432609262906896997730
4	3	276778405655077033699448794441271705106
4	1	208263414599110180129227299161406071649
5	1	186299392878969677677838981007666456434
5	1	122413426707749398535057609462486820033
5	1	316306724293215174837434095580393559904
5	1	334332082064646257233641390150216621276

68446563695875004160046512386787107736
5
0	1	1
2	4	1
0	4	1
1	5	1
0	3	1
6
2	5	190532913495013230645932619725572639436
3	5	26938189779268705685356385331910234866
4	1	208263414599110180129227299161406071649
4	4	311039491118663769432609262906896997730
5	2	334332082064646257233641390150216621276
5	1	70583472755460125519803218046518186337

261434000464410387308032284287964024465
6
0	1	1
1	2	1
1	5	1
2	3	1
4	5	1
2	5	1
6
2	6	190532913495013230645932619725572639436
3	6	26938189779268705685356385331910234866
3	1	203425560492866585865146412060992586197
4	3	311039491118663769432609262906896997730
4	3	276778405655077033699448794441271705106
5	3	316306724293215174837434095580393559904

513067228546965519416518260857760925
9
0	1	1
2	4	1
0	4	1
1	5	1
2	3	1
4	5	1
0	5	1
2	5	1
3	5	1
11
2	9	190532913495013230645932619725572639436
3	9	26938189779268705685356385331910234866
3	4	203425560492866585865146412060992586197
4	3	28407338740603262767927920621522775333
4	2	311039491118663769432609262906896997730
4	6	276778405655077033699448794441271705106
4	1	208263414599110180129227299161406071649
5	2	186299392878969677677838981007666456434
5	2	228120980654083526567221909418708093562
5	1	70583472755460125519803218046518186337
5	1	59471967516362300881130304760998501908

335740877444884575112211396305633124590
6
0	1	1
2	4	1
0	4	1
1	5	1
2	3	1
3	5	1
4
2	6	190532913495013230645932619725572639436
3	6	26938189779268705685356385331910234866
4	6	311039491118663769432609262906896997730
5	6	70583472755460125519803218046518186337

286428928034042230719451063225084507512
5
0	1	1
0	3	1
4	5	1
0	5	1
2	5	1
5
2	5	190532913495013230645932619725572639436
3	6	26938189779268705685356385331910234866
4	2	208263414599110180129227299161406071649
4	4	311039491118663769432609262906896997730
5	4	334332082064646257233641390150216621276

6291621010429650089004018260815899033
9
0	1	1
1	2	1
0	4	1
3	4	1
1	5	1
1	4	1
4	5	1
2	5	1
3	5	1
8
2	9	190532913495013230645932619725572639436
3	9	26938189779268705685356385331910234866
3	4	203425560492866585865146412060992586197
4	6	276778405655077033699448794441271705106
4	3	28407338740603262767927920621522775333
4	3	311039491118663769432609262906896997730
5	3	228120980654083526567221909418708093562
5	3	316306724293215174837434095580393559904

2962792275725677285862209290632899070
7
0	1	1
0	4	1
1	5	1
0	3	1
4	5	1
0	5	1
2	5	1
9
2	7	190532913495013230645932619725572639436
3	8	26938189779268705685356385331910234866
3	2	203425560492866585865146412060992586197
4	2	208263414599110180129227299161406071649
4	4	276778405655077033699448794441271705106
4	1	28407338740603262767927920621522775333
4	1	311039491118663769432609262906896997730
5	2	186299392878969677677838981007666456434
5	2	316306724293215174837434095580393559904

# Topo. # : Multp.
80217421863689884443981146804774334457	237
283983824589950802096849761265566535140	36
324907564450557633089238116115065655668	144
106803324821260688311837247872831621272	54
225565637812331437682526682259015957484	108
168941553363596711099279317792349140796	18
186490467806945553434987091843426949835	6
83645412693936740495027656141809699603	24
298911246535290212489600181171735334952	12
150457413209115674699530230766326799844	12
275523074058594287921386266849762036814	6
186117795512216682652577372307827886780	24
18701788952378986417922421284104285025	12
189404732720407963507943048907045141107	12
317929115559067920211216330740454345152	24
68446563695875004160046512386787107736	54
261434000464410387308032284287964024465	16
513067228546965519416518260857760925	6
335740877444884575112211396305633124590	1
286428928034042230719451063225084507512	3
6291621010429650089004018260815899033	2
2962792275725677285862209290632899070	3
