7
51124820733610651908235511379659854510
6
0	1	1
1	2	1
3	4	1
0	6	1
4	5	1
0	5	1
9
2	6	190532913495013230645932619725572639436
3	6	26938189779268705685356385331910234866
4	5	311039491118663769432609262906896997730
4	1	208263414599110180129227299161406071649
5	2	334332082064646257233641390150216621276
5	3	70583472755460125519803218046518186337
6	1	68446563695875004160046512386787107736
6	1	106803324821260688311837247872831621272
6	1	80217421863689884443981146804774334457

299714056458833335314578331985390381243
8
0	1	1
1	2	1
0	4	1
3	4	1
4	6	1
0	6	1
0	5	1
1	6	1
15
2	8	190532913495013230645932619725572639436
3	9	26938189779268705685356385331910234866
3	2	203425560492866585865146412060992586197
4	4	276778405655077033699448794441271705106
4	1	28407338740603262767927920621522775333
4	6	311039491118663769432609262906896997730
4	1	208263414599110180129227299161406071649
5	2	316306724293215174837434095580393559904
5	1	186299392878969677677838981007666456434
5	2	122413426707749398535057609462486820033
5	2	334332082064646257233641390150216621276
5	2	70583472755460125519803218046518186337
6	2	317929115559067920211216330740454345152
6	1	189404732720407963507943048907045141107
6	1	68446563695875004160046512386787107736

135970253118604443765366350811540426374
7
0	1	1
1	2	1
0	4	1
3	4	1
2	6	1
0	5	1
1	6	1
12
2	7	190532913495013230645932619725572639436
3	6	26938189779268705685356385331910234866
3	1	203425560492866585865146412060992586197
4	6	311039491118663769432609262906896997730
4	1	208263414599110180129227299161406071649
4	1	276778405655077033699448794441271705106
5	2	241711738599064297041559683771563616655
5	3	334332082064646257233641390150216621276
5	2	70583472755460125519803218046518186337
6	1	298911246535290212489600181171735334952
6	2	68446563695875004160046512386787107736
6	1	225565637812331437682526682259015957484

45752787491702769094628606000247007827
6
0	1	1
1	2	1
0	4	1
3	4	1
4	6	1
0	5	1
9
2	6	190532913495013230645932619725572639436
3	7	26938189779268705685356385331910234866
4	6	311039491118663769432609262906896997730
4	2	208263414599110180129227299161406071649
5	5	334332082064646257233641390150216621276
5	2	70583472755460125519803218046518186337
6	2	68446563695875004160046512386787107736
6	1	286428928034042230719451063225084507512
6	1	106803324821260688311837247872831621272

204206562047213326012338137220378974285
6
0	1	1
1	2	1
0	6	1
4	5	1
0	5	1
3	6	1
7
2	6	190532913495013230645932619725572639436
3	6	26938189779268705685356385331910234866
4	6	311039491118663769432609262906896997730
4	1	208263414599110180129227299161406071649
5	3	70583472755460125519803218046518186337
5	3	334332082064646257233641390150216621276
6	3	68446563695875004160046512386787107736

69444677532299211061721172330732387441
8
0	1	1
1	2	1
0	4	1
3	4	1
0	6	1
5	6	1
0	5	1
1	6	1
17
2	8	190532913495013230645932619725572639436
3	8	26938189779268705685356385331910234866
3	2	203425560492866585865146412060992586197
4	1	28407338740603262767927920621522775333
4	6	311039491118663769432609262906896997730
4	1	208263414599110180129227299161406071649
4	3	276778405655077033699448794441271705106
5	1	122413426707749398535057609462486820033
5	1	186299392878969677677838981007666456434
5	2	334332082064646257233641390150216621276
5	2	241711738599064297041559683771563616655
5	1	316306724293215174837434095580393559904
5	1	70583472755460125519803218046518186337
6	1	317929115559067920211216330740454345152
6	1	168941553363596711099279317792349140796
6	1	68446563695875004160046512386787107736
6	1	324907564450557633089238116115065655668

32698551701691492003856247666299024357
9
0	1	1
1	2	1
0	4	1
3	4	1
4	6	1
0	6	1
5	6	1
0	5	1
3	6	1
19
2	9	190532913495013230645932619725572639436
3	9	26938189779268705685356385331910234866
3	3	203425560492866585865146412060992586197
4	6	311039491118663769432609262906896997730
4	4	276778405655077033699448794441271705106
4	1	208263414599110180129227299161406071649
4	2	28407338740603262767927920621522775333
5	2	334332082064646257233641390150216621276
5	2	241711738599064297041559683771563616655
5	1	316306724293215174837434095580393559904
5	1	186299392878969677677838981007666456434
5	1	228120980654083526567221909418708093562
5	2	70583472755460125519803218046518186337
5	1	122413426707749398535057609462486820033
6	1	68446563695875004160046512386787107736
6	1	168941553363596711099279317792349140796
6	1	324907564450557633089238116115065655668
6	1	18701788952378986417922421284104285025
6	1	283983824589950802096849761265566535140

152053070457529064427942598035947961518
10
0	1	1
1	2	1
0	4	1
1	5	1
0	3	1
0	6	1
5	6	1
3	6	1
1	6	1
2	5	1
20
2	10	190532913495013230645932619725572639436
3	11	26938189779268705685356385331910234866
3	4	203425560492866585865146412060992586197
4	6	276778405655077033699448794441271705106
4	8	311039491118663769432609262906896997730
4	3	28407338740603262767927920621522775333
4	1	208263414599110180129227299161406071649
5	3	122413426707749398535057609462486820033
5	2	316306724293215174837434095580393559904
5	1	186299392878969677677838981007666456434
5	1	70583472755460125519803218046518186337
5	2	228120980654083526567221909418708093562
5	3	241711738599064297041559683771563616655
5	2	334332082064646257233641390150216621276
6	1	186117795512216682652577372307827886780
6	1	18701788952378986417922421284104285025
6	1	317929115559067920211216330740454345152
6	1	324907564450557633089238116115065655668
6	1	186490467806945553434987091843426949835
6	1	298911246535290212489600181171735334952

75677309124364311859669004851668112080
9
0	1	1
1	2	1
0	4	1
1	5	1
0	3	1
5	6	1
0	5	1
3	6	1
3	5	1
19
2	9	190532913495013230645932619725572639436
3	10	26938189779268705685356385331910234866
3	3	203425560492866585865146412060992586197
4	5	276778405655077033699448794441271705106
4	7	311039491118663769432609262906896997730
4	2	28407338740603262767927920621522775333
4	1	208263414599110180129227299161406071649
5	3	316306724293215174837434095580393559904
5	1	186299392878969677677838981007666456434
5	2	122413426707749398535057609462486820033
5	1	228120980654083526567221909418708093562
5	2	334332082064646257233641390150216621276
5	1	70583472755460125519803218046518186337
5	1	241711738599064297041559683771563616655
6	1	317929115559067920211216330740454345152
6	1	261434000464410387308032284287964024465
6	1	18701788952378986417922421284104285025
6	1	186117795512216682652577372307827886780
6	1	68446563695875004160046512386787107736

155407255269012144128608136644287680197
8
0	1	1
1	2	1
0	4	1
4	6	1
0	6	1
0	5	1
3	6	1
1	6	1
14
2	8	190532913495013230645932619725572639436
3	10	26938189779268705685356385331910234866
3	2	203425560492866585865146412060992586197
4	5	311039491118663769432609262906896997730
4	5	276778405655077033699448794441271705106
4	1	28407338740603262767927920621522775333
4	2	208263414599110180129227299161406071649
5	4	316306724293215174837434095580393559904
5	2	186299392878969677677838981007666456434
5	1	122413426707749398535057609462486820033
5	2	334332082064646257233641390150216621276
6	1	261434000464410387308032284287964024465
6	1	2962792275725677285862209290632899070
6	2	317929115559067920211216330740454345152

232053123528074222423852777966555673832
10
0	1	1
1	2	1
0	4	1
1	5	1
0	3	1
0	6	1
4	5	1
0	5	1
3	6	1
1	6	1
18
2	10	190532913495013230645932619725572639436
3	12	26938189779268705685356385331910234866
3	4	203425560492866585865146412060992586197
4	8	276778405655077033699448794441271705106
4	6	311039491118663769432609262906896997730
4	3	28407338740603262767927920621522775333
4	2	208263414599110180129227299161406071649
5	2	316306724293215174837434095580393559904
5	3	186299392878969677677838981007666456434
5	2	122413426707749398535057609462486820033
5	3	334332082064646257233641390150216621276
5	2	228120980654083526567221909418708093562
5	1	59471967516362300881130304760998501908
5	1	70583472755460125519803218046518186337
6	2	18701788952378986417922421284104285025
6	2	317929115559067920211216330740454345152
6	1	513067228546965519416518260857760925
6	1	68446563695875004160046512386787107736

85838484068934494954655932384557052543
9
0	1	1
1	2	1
0	4	1
4	6	1
0	6	1
2	3	1
0	5	1
1	6	1
1	3	1
17
2	9	190532913495013230645932619725572639436
3	9	26938189779268705685356385331910234866
3	3	203425560492866585865146412060992586197
4	6	276778405655077033699448794441271705106
4	1	28407338740603262767927920621522775333
4	6	311039491118663769432609262906896997730
4	1	208263414599110180129227299161406071649
5	2	316306724293215174837434095580393559904
5	1	186299392878969677677838981007666456434
5	1	59471967516362300881130304760998501908
5	2	122413426707749398535057609462486820033
5	3	241711738599064297041559683771563616655
5	2	334332082064646257233641390150216621276
6	1	83645412693936740495027656141809699603
6	2	317929115559067920211216330740454345152
6	1	275523074058594287921386266849762036814
6	1	298911246535290212489600181171735334952

298588900744264569419355592469701057083
8
0	1	1
1	2	1
0	4	1
1	5	1
0	3	1
2	6	1
0	5	1
3	5	1
17
2	8	190532913495013230645932619725572639436
3	8	26938189779268705685356385331910234866
3	2	203425560492866585865146412060992586197
4	3	276778405655077033699448794441271705106
4	1	28407338740603262767927920621522775333
4	5	311039491118663769432609262906896997730
4	1	208263414599110180129227299161406071649
5	1	316306724293215174837434095580393559904
5	1	186299392878969677677838981007666456434
5	1	241711738599064297041559683771563616655
5	1	122413426707749398535057609462486820033
5	3	70583472755460125519803218046518186337
5	1	334332082064646257233641390150216621276
6	1	324907564450557633089238116115065655668
6	1	317929115559067920211216330740454345152
6	1	283983824589950802096849761265566535140
6	1	106803324821260688311837247872831621272

17542264300105954492205892817581143278
10
0	1	1
1	2	1
0	4	1
1	5	1
0	3	1
4	6	1
0	6	1
0	5	1
3	6	1
3	5	1
21
2	10	190532913495013230645932619725572639436
3	11	26938189779268705685356385331910234866
3	4	203425560492866585865146412060992586197
4	7	276778405655077033699448794441271705106
4	6	311039491118663769432609262906896997730
4	3	28407338740603262767927920621522775333
4	1	208263414599110180129227299161406071649
5	2	316306724293215174837434095580393559904
5	1	122413426707749398535057609462486820033
5	1	334332082064646257233641390150216621276
5	2	241711738599064297041559683771563616655
5	2	186299392878969677677838981007666456434
5	2	228120980654083526567221909418708093562
5	1	59471967516362300881130304760998501908
5	2	70583472755460125519803218046518186337
6	1	83645412693936740495027656141809699603
6	1	317929115559067920211216330740454345152
6	1	186117795512216682652577372307827886780
6	1	168941553363596711099279317792349140796
6	1	513067228546965519416518260857760925
6	1	80217421863689884443981146804774334457

333711301910920698744596739716100730162
7
0	1	1
1	2	1
0	4	1
2	6	1
0	5	1
3	6	1
1	6	1
13
2	7	190532913495013230645932619725572639436
3	7	26938189779268705685356385331910234866
3	1	203425560492866585865146412060992586197
4	5	311039491118663769432609262906896997730
4	1	208263414599110180129227299161406071649
4	2	276778405655077033699448794441271705106
5	2	70583472755460125519803218046518186337
5	2	241711738599064297041559683771563616655
5	2	334332082064646257233641390150216621276
5	1	316306724293215174837434095580393559904
6	2	324907564450557633089238116115065655668
6	1	106803324821260688311837247872831621272
6	1	298911246535290212489600181171735334952

48065929654900833812283827735632014214
8
0	1	1
1	2	1
0	4	1
1	5	1
0	3	1
2	6	1
1	6	1
2	5	1
13
2	8	190532913495013230645932619725572639436
3	8	26938189779268705685356385331910234866
3	2	203425560492866585865146412060992586197
4	6	311039491118663769432609262906896997730
4	2	208263414599110180129227299161406071649
4	2	276778405655077033699448794441271705106
4	1	28407338740603262767927920621522775333
5	4	241711738599064297041559683771563616655
5	5	334332082064646257233641390150216621276
5	1	186299392878969677677838981007666456434
6	2	168941553363596711099279317792349140796
6	2	298911246535290212489600181171735334952
6	1	286428928034042230719451063225084507512

163093361462862039776656161139118312910
9
0	1	1
1	2	1
0	4	1
1	5	1
0	3	1
4	6	1
0	6	1
3	6	1
2	5	1
13
2	9	190532913495013230645932619725572639436
3	7	26938189779268705685356385331910234866
3	3	203425560492866585865146412060992586197
4	6	311039491118663769432609262906896997730
4	3	276778405655077033699448794441271705106
4	1	208263414599110180129227299161406071649
4	1	28407338740603262767927920621522775333
5	7	241711738599064297041559683771563616655
5	2	334332082064646257233641390150216621276
5	1	186299392878969677677838981007666456434
6	2	150457413209115674699530230766326799844
6	1	298911246535290212489600181171735334952
6	2	168941553363596711099279317792349140796

65762781560629965539616488687750033620
8
0	1	1
1	2	1
0	4	1
1	5	1
0	3	1
2	6	1
5	6	1
2	5	1
14
2	8	190532913495013230645932619725572639436
3	7	26938189779268705685356385331910234866
3	2	203425560492866585865146412060992586197
4	6	311039491118663769432609262906896997730
4	1	208263414599110180129227299161406071649
4	1	276778405655077033699448794441271705106
4	1	28407338740603262767927920621522775333
5	2	241711738599064297041559683771563616655
5	4	70583472755460125519803218046518186337
5	2	334332082064646257233641390150216621276
5	1	122413426707749398535057609462486820033
6	2	283983824589950802096849761265566535140
6	1	298911246535290212489600181171735334952
6	2	106803324821260688311837247872831621272

199480903029129748089119789282953179131
6
0	1	1
1	2	1
0	4	1
2	6	1
0	5	1
3	6	1
8
2	6	190532913495013230645932619725572639436
3	6	26938189779268705685356385331910234866
4	4	311039491118663769432609262906896997730
4	1	208263414599110180129227299161406071649
5	3	70583472755460125519803218046518186337
5	1	334332082064646257233641390150216621276
6	2	80217421863689884443981146804774334457
6	1	106803324821260688311837247872831621272

130098300966068786327953638164366221900
8
0	1	1
1	2	1
0	4	1
0	3	1
4	6	1
0	6	1
3	6	1
2	5	1
14
2	8	190532913495013230645932619725572639436
3	7	26938189779268705685356385331910234866
3	2	203425560492866585865146412060992586197
4	4	311039491118663769432609262906896997730
4	2	276778405655077033699448794441271705106
4	1	208263414599110180129227299161406071649
4	1	28407338740603262767927920621522775333
5	3	70583472755460125519803218046518186337
5	1	334332082064646257233641390150216621276
5	2	241711738599064297041559683771563616655
5	1	186299392878969677677838981007666456434
6	2	225565637812331437682526682259015957484
6	1	106803324821260688311837247872831621272
6	1	168941553363596711099279317792349140796

158345235505098944009232473165095445150
8
0	1	1
1	2	1
0	4	1
0	3	1
4	6	1
0	6	1
5	6	1
3	6	1
15
2	8	190532913495013230645932619725572639436
3	9	26938189779268705685356385331910234866
3	2	203425560492866585865146412060992586197
4	4	311039491118663769432609262906896997730
4	4	276778405655077033699448794441271705106
4	2	208263414599110180129227299161406071649
4	1	28407338740603262767927920621522775333
5	1	334332082064646257233641390150216621276
5	2	241711738599064297041559683771563616655
5	2	316306724293215174837434095580393559904
5	2	186299392878969677677838981007666456434
5	1	70583472755460125519803218046518186337
6	1	168941553363596711099279317792349140796
6	2	324907564450557633089238116115065655668
6	1	2962792275725677285862209290632899070

221430778021327273586565113032781833377
9
0	1	1
1	2	1
0	4	1
3	4	1
1	5	1
0	6	1
5	6	1
1	6	1
2	5	1
16
2	9	190532913495013230645932619725572639436
3	8	26938189779268705685356385331910234866
3	3	203425560492866585865146412060992586197
4	6	311039491118663769432609262906896997730
4	3	276778405655077033699448794441271705106
4	2	28407338740603262767927920621522775333
5	2	241711738599064297041559683771563616655
5	4	70583472755460125519803218046518186337
5	1	122413426707749398535057609462486820033
5	1	316306724293215174837434095580393559904
5	1	228120980654083526567221909418708093562
6	1	283983824589950802096849761265566535140
6	1	324907564450557633089238116115065655668
6	1	80217421863689884443981146804774334457
6	1	186117795512216682652577372307827886780
6	1	225565637812331437682526682259015957484

147759763172920256972249740528188599410
10
0	1	1
1	2	1
0	4	1
1	5	1
0	6	1
5	6	1
3	6	1
1	6	1
2	5	1
3	5	1
15
2	10	190532913495013230645932619725572639436
3	11	26938189779268705685356385331910234866
3	4	203425560492866585865146412060992586197
4	7	311039491118663769432609262906896997730
4	7	276778405655077033699448794441271705106
4	3	28407338740603262767927920621522775333
5	5	316306724293215174837434095580393559904
5	2	241711738599064297041559683771563616655
5	3	228120980654083526567221909418708093562
5	1	122413426707749398535057609462486820033
5	2	70583472755460125519803218046518186337
6	2	186117795512216682652577372307827886780
6	1	261434000464410387308032284287964024465
6	2	324907564450557633089238116115065655668
6	1	6291621010429650089004018260815899033

329952522710845850664688157982986700497
11
0	1	1
2	4	1
1	2	1
1	5	1
0	3	1
1	4	1
0	6	1
4	5	1
0	5	1
3	6	1
1	6	1
22
2	11	190532913495013230645932619725572639436
3	12	26938189779268705685356385331910234866
3	5	203425560492866585865146412060992586197
4	8	276778405655077033699448794441271705106
4	8	311039491118663769432609262906896997730
4	4	28407338740603262767927920621522775333
4	1	208263414599110180129227299161406071649
5	3	228120980654083526567221909418708093562
5	1	316306724293215174837434095580393559904
5	3	122413426707749398535057609462486820033
5	4	241711738599064297041559683771563616655
5	2	70583472755460125519803218046518186337
5	2	186299392878969677677838981007666456434
5	1	59471967516362300881130304760998501908
5	1	334332082064646257233641390150216621276
6	1	186490467806945553434987091843426949835
6	1	18701788952378986417922421284104285025
6	1	186117795512216682652577372307827886780
6	1	225565637812331437682526682259015957484
6	1	513067228546965519416518260857760925
6	1	275523074058594287921386266849762036814
6	1	168941553363596711099279317792349140796

96078317973904804672366196135971541697
9
0	1	1
2	4	1
1	2	1
1	5	1
0	3	1
1	4	1
4	5	1
2	6	1
0	5	1
14
2	9	190532913495013230645932619725572639436
3	9	26938189779268705685356385331910234866
3	3	203425560492866585865146412060992586197
4	4	276778405655077033699448794441271705106
4	7	311039491118663769432609262906896997730
4	2	28407338740603262767927920621522775333
5	2	122413426707749398535057609462486820033
5	2	316306724293215174837434095580393559904
5	3	70583472755460125519803218046518186337
5	1	228120980654083526567221909418708093562
5	2	241711738599064297041559683771563616655
6	2	186117795512216682652577372307827886780
6	2	324907564450557633089238116115065655668
6	1	80217421863689884443981146804774334457

193322030976932099386058666263311153144
10
0	1	1
2	4	1
1	2	1
1	5	1
0	3	1
1	4	1
0	6	1
4	5	1
0	5	1
3	6	1
17
2	10	190532913495013230645932619725572639436
3	9	26938189779268705685356385331910234866
3	4	203425560492866585865146412060992586197
4	6	276778405655077033699448794441271705106
4	7	311039491118663769432609262906896997730
4	2	28407338740603262767927920621522775333
5	2	122413426707749398535057609462486820033
5	2	316306724293215174837434095580393559904
5	1	59471967516362300881130304760998501908
5	2	70583472755460125519803218046518186337
5	5	241711738599064297041559683771563616655
5	1	228120980654083526567221909418708093562
6	2	186117795512216682652577372307827886780
6	1	275523074058594287921386266849762036814
6	1	83645412693936740495027656141809699603
6	1	225565637812331437682526682259015957484
6	1	150457413209115674699530230766326799844

138828730015918283021223708898891905275
7
0	1	1
1	2	1
0	4	1
0	3	1
4	6	1
1	4	1
5	6	1
10
2	7	190532913495013230645932619725572639436
3	7	26938189779268705685356385331910234866
3	1	203425560492866585865146412060992586197
4	3	276778405655077033699448794441271705106
4	5	311039491118663769432609262906896997730
5	3	316306724293215174837434095580393559904
5	2	70583472755460125519803218046518186337
5	1	241711738599064297041559683771563616655
6	1	261434000464410387308032284287964024465
6	2	324907564450557633089238116115065655668

16924971723475212044244674060794233815
8
0	1	1
1	2	1
0	4	1
1	5	1
5	6	1
0	5	1
3	6	1
3	5	1
10
2	8	190532913495013230645932619725572639436
3	8	26938189779268705685356385331910234866
3	2	203425560492866585865146412060992586197
4	5	311039491118663769432609262906896997730
4	6	276778405655077033699448794441271705106
5	5	316306724293215174837434095580393559904
5	2	241711738599064297041559683771563616655
5	1	59471967516362300881130304760998501908
6	2	261434000464410387308032284287964024465
6	2	83645412693936740495027656141809699603

30787657321879387038212834389309182604
7
0	1	1
1	2	1
0	4	1
3	4	1
0	6	1
1	6	1
3	5	1
11
2	7	190532913495013230645932619725572639436
3	6	26938189779268705685356385331910234866
3	1	203425560492866585865146412060992586197
4	4	311039491118663769432609262906896997730
4	2	276778405655077033699448794441271705106
5	3	70583472755460125519803218046518186337
5	1	241711738599064297041559683771563616655
5	1	316306724293215174837434095580393559904
6	1	225565637812331437682526682259015957484
6	1	324907564450557633089238116115065655668
6	1	80217421863689884443981146804774334457

123832629421756145587076627745950446452
8
0	1	1
1	2	1
3	4	1
0	6	1
4	5	1
0	5	1
1	6	1
3	5	1
11
2	8	190532913495013230645932619725572639436
3	6	26938189779268705685356385331910234866
3	2	203425560492866585865146412060992586197
4	5	311039491118663769432609262906896997730
4	3	276778405655077033699448794441271705106
5	4	241711738599064297041559683771563616655
5	1	316306724293215174837434095580393559904
5	2	70583472755460125519803218046518186337
6	1	150457413209115674699530230766326799844
6	2	324907564450557633089238116115065655668
6	1	225565637812331437682526682259015957484

180675976439828185920770137651250133500
9
0	1	1
1	2	1
0	4	1
3	4	1
1	5	1
0	6	1
4	5	1
0	5	1
1	6	1
19
2	9	190532913495013230645932619725572639436
3	10	26938189779268705685356385331910234866
3	3	203425560492866585865146412060992586197
4	6	311039491118663769432609262906896997730
4	5	276778405655077033699448794441271705106
4	2	28407338740603262767927920621522775333
4	1	208263414599110180129227299161406071649
5	1	241711738599064297041559683771563616655
5	2	316306724293215174837434095580393559904
5	1	228120980654083526567221909418708093562
5	1	186299392878969677677838981007666456434
5	2	122413426707749398535057609462486820033
5	3	70583472755460125519803218046518186337
5	1	334332082064646257233641390150216621276
6	1	186117795512216682652577372307827886780
6	1	324907564450557633089238116115065655668
6	1	18701788952378986417922421284104285025
6	1	189404732720407963507943048907045141107
6	1	106803324821260688311837247872831621272

226510543670067505639001888747087704773
8
0	1	1
2	4	1
1	2	1
1	4	1
0	6	1
0	5	1
1	6	1
3	5	1
12
2	8	190532913495013230645932619725572639436
3	7	26938189779268705685356385331910234866
3	2	203425560492866585865146412060992586197
4	4	311039491118663769432609262906896997730
4	5	276778405655077033699448794441271705106
5	2	241711738599064297041559683771563616655
5	2	316306724293215174837434095580393559904
5	1	59471967516362300881130304760998501908
5	2	70583472755460125519803218046518186337
6	2	324907564450557633089238116115065655668
6	1	83645412693936740495027656141809699603
6	1	225565637812331437682526682259015957484

261209874787477264835173180974920490939
7
0	1	1
1	2	1
0	4	1
3	4	1
1	5	1
2	6	1
0	5	1
10
2	7	190532913495013230645932619725572639436
3	6	26938189779268705685356385331910234866
3	1	203425560492866585865146412060992586197
4	5	311039491118663769432609262906896997730
4	2	276778405655077033699448794441271705106
5	2	241711738599064297041559683771563616655
5	1	316306724293215174837434095580393559904
5	2	70583472755460125519803218046518186337
6	2	324907564450557633089238116115065655668
6	1	80217421863689884443981146804774334457

257258525241023338355604716694715156663
8
0	1	1
1	2	1
0	4	1
3	4	1
1	5	1
4	6	1
0	6	1
0	5	1
11
2	8	190532913495013230645932619725572639436
3	8	26938189779268705685356385331910234866
3	2	203425560492866585865146412060992586197
4	4	311039491118663769432609262906896997730
4	6	276778405655077033699448794441271705106
5	2	241711738599064297041559683771563616655
5	4	316306724293215174837434095580393559904
5	1	59471967516362300881130304760998501908
5	1	70583472755460125519803218046518186337
6	2	324907564450557633089238116115065655668
6	2	83645412693936740495027656141809699603

247303028134846629633510859050932969448
9
0	1	1
1	2	1
0	4	1
3	4	1
1	5	1
4	6	1
0	6	1
0	5	1
3	6	1
15
2	9	190532913495013230645932619725572639436
3	8	26938189779268705685356385331910234866
3	3	203425560492866585865146412060992586197
4	5	276778405655077033699448794441271705106
4	6	311039491118663769432609262906896997730
4	1	28407338740603262767927920621522775333
5	2	316306724293215174837434095580393559904
5	1	59471967516362300881130304760998501908
5	3	241711738599064297041559683771563616655
5	2	122413426707749398535057609462486820033
5	2	70583472755460125519803218046518186337
6	2	324907564450557633089238116115065655668
6	1	83645412693936740495027656141809699603
6	1	275523074058594287921386266849762036814
6	1	283983824589950802096849761265566535140

105653824426606641219696263578528045950
9
0	1	1
1	2	1
0	4	1
1	5	1
0	6	1
4	5	1
0	5	1
1	6	1
3	5	1
15
2	9	190532913495013230645932619725572639436
3	11	26938189779268705685356385331910234866
3	3	203425560492866585865146412060992586197
4	6	276778405655077033699448794441271705106
4	2	28407338740603262767927920621522775333
4	6	311039491118663769432609262906896997730
4	2	208263414599110180129227299161406071649
5	1	228120980654083526567221909418708093562
5	3	316306724293215174837434095580393559904
5	2	186299392878969677677838981007666456434
5	2	122413426707749398535057609462486820033
5	4	334332082064646257233641390150216621276
6	2	18701788952378986417922421284104285025
6	2	317929115559067920211216330740454345152
6	1	286428928034042230719451063225084507512

113517781608959689536388357638800905642
11
0	1	1
1	2	1
0	4	1
1	5	1
0	6	1
2	3	1
4	5	1
0	5	1
1	6	1
1	3	1
3	5	1
22
2	11	190532913495013230645932619725572639436
3	13	26938189779268705685356385331910234866
3	5	203425560492866585865146412060992586197
4	10	276778405655077033699448794441271705106
4	4	28407338740603262767927920621522775333
4	7	311039491118663769432609262906896997730
4	1	208263414599110180129227299161406071649
5	4	228120980654083526567221909418708093562
5	4	316306724293215174837434095580393559904
5	2	186299392878969677677838981007666456434
5	1	59471967516362300881130304760998501908
5	1	70583472755460125519803218046518186337
5	2	122413426707749398535057609462486820033
5	2	241711738599064297041559683771563616655
5	1	334332082064646257233641390150216621276
6	1	18701788952378986417922421284104285025
6	1	6291621010429650089004018260815899033
6	1	83645412693936740495027656141809699603
6	1	324907564450557633089238116115065655668
6	1	513067228546965519416518260857760925
6	1	186490467806945553434987091843426949835
6	1	317929115559067920211216330740454345152

2740167417692343354513791049176597965
10
0	1	1
1	2	1
0	4	1
3	4	1
1	5	1
0	3	1
1	4	1
0	6	1
0	5	1
3	6	1
21
2	10	190532913495013230645932619725572639436
3	12	26938189779268705685356385331910234866
3	4	203425560492866585865146412060992586197
4	8	276778405655077033699448794441271705106
4	5	311039491118663769432609262906896997730
4	3	28407338740603262767927920621522775333
4	2	208263414599110180129227299161406071649
5	3	316306724293215174837434095580393559904
5	3	186299392878969677677838981007666456434
5	1	122413426707749398535057609462486820033
5	1	241711738599064297041559683771563616655
5	2	228120980654083526567221909418708093562
5	1	59471967516362300881130304760998501908
5	1	334332082064646257233641390150216621276
5	2	70583472755460125519803218046518186337
6	1	18701788952378986417922421284104285025
6	1	83645412693936740495027656141809699603
6	1	2962792275725677285862209290632899070
6	1	186117795512216682652577372307827886780
6	1	513067228546965519416518260857760925
6	1	106803324821260688311837247872831621272

61917808343001415848134219517379036424
9
0	1	1
1	2	1
0	4	1
1	5	1
4	6	1
0	6	1
2	3	1
0	5	1
1	3	1
10
2	9	190532913495013230645932619725572639436
3	8	26938189779268705685356385331910234866
3	3	203425560492866585865146412060992586197
4	8	276778405655077033699448794441271705106
4	4	311039491118663769432609262906896997730
5	4	316306724293215174837434095580393559904
5	2	59471967516362300881130304760998501908
5	4	241711738599064297041559683771563616655
6	4	83645412693936740495027656141809699603
6	1	150457413209115674699530230766326799844

51315769682535567660222028088679040952
7
0	1	1
1	2	1
0	4	1
3	4	1
1	5	1
3	6	1
2	5	1
9
2	7	190532913495013230645932619725572639436
3	5	26938189779268705685356385331910234866
3	1	203425560492866585865146412060992586197
4	4	311039491118663769432609262906896997730
4	1	276778405655077033699448794441271705106
5	3	70583472755460125519803218046518186337
5	1	241711738599064297041559683771563616655
6	2	80217421863689884443981146804774334457
6	1	225565637812331437682526682259015957484

221585680617639251868795209641203311631
8
0	1	1
1	2	1
3	4	1
4	5	1
2	6	1
0	5	1
1	6	1
3	5	1
8
2	8	190532913495013230645932619725572639436
3	5	26938189779268705685356385331910234866
3	2	203425560492866585865146412060992586197
4	4	311039491118663769432609262906896997730
4	2	276778405655077033699448794441271705106
5	2	241711738599064297041559683771563616655
5	4	70583472755460125519803218046518186337
6	4	225565637812331437682526682259015957484

321728435507930943012062418721556004863
9
0	1	1
1	2	1
0	4	1
3	4	1
1	5	1
4	6	1
0	6	1
1	6	1
2	5	1
13
2	9	190532913495013230645932619725572639436
3	8	26938189779268705685356385331910234866
3	3	203425560492866585865146412060992586197
4	6	311039491118663769432609262906896997730
4	5	276778405655077033699448794441271705106
4	1	28407338740603262767927920621522775333
5	3	122413426707749398535057609462486820033
5	4	70583472755460125519803218046518186337
5	2	241711738599064297041559683771563616655
5	1	59471967516362300881130304760998501908
6	2	189404732720407963507943048907045141107
6	2	225565637812331437682526682259015957484
6	1	275523074058594287921386266849762036814

315258760132110741457628142662901089261
7
0	1	1
1	2	1
4	5	1
2	6	1
0	5	1
1	6	1
3	5	1
11
2	7	190532913495013230645932619725572639436
3	6	26938189779268705685356385331910234866
3	1	203425560492866585865146412060992586197
4	4	311039491118663769432609262906896997730
4	1	208263414599110180129227299161406071649
4	1	276778405655077033699448794441271705106
5	4	70583472755460125519803218046518186337
5	1	334332082064646257233641390150216621276
5	1	241711738599064297041559683771563616655
6	2	225565637812331437682526682259015957484
6	2	106803324821260688311837247872831621272

207861698854826350614619836810173087130
9
0	1	1
1	2	1
0	4	1
3	4	1
1	5	1
4	6	1
0	6	1
3	6	1
2	5	1
12
2	9	190532913495013230645932619725572639436
3	6	26938189779268705685356385331910234866
3	3	203425560492866585865146412060992586197
4	6	311039491118663769432609262906896997730
4	2	276778405655077033699448794441271705106
4	1	28407338740603262767927920621522775333
5	4	241711738599064297041559683771563616655
5	4	70583472755460125519803218046518186337
5	1	122413426707749398535057609462486820033
6	1	150457413209115674699530230766326799844
6	2	225565637812331437682526682259015957484
6	2	283983824589950802096849761265566535140

191950547030207950079006497391374364829
6
0	1	1
1	2	1
4	6	1
0	5	1
3	6	1
3	5	1
5
2	6	190532913495013230645932619725572639436
3	5	26938189779268705685356385331910234866
4	4	311039491118663769432609262906896997730
5	3	70583472755460125519803218046518186337
6	2	80217421863689884443981146804774334457

226751872400074327090950252074613589024
8
0	1	1
1	2	1
0	4	1
3	4	1
4	6	1
0	6	1
1	6	1
3	5	1
12
2	8	190532913495013230645932619725572639436
3	7	26938189779268705685356385331910234866
3	2	203425560492866585865146412060992586197
4	6	311039491118663769432609262906896997730
4	2	276778405655077033699448794441271705106
4	1	28407338740603262767927920621522775333
5	4	70583472755460125519803218046518186337
5	1	241711738599064297041559683771563616655
5	2	122413426707749398535057609462486820033
6	1	283983824589950802096849761265566535140
6	2	80217421863689884443981146804774334457
6	1	189404732720407963507943048907045141107

164428511895220786334798125708301902102
8
0	1	1
1	2	1
3	4	1
4	6	1
4	5	1
0	5	1
3	6	1
3	5	1
12
2	8	190532913495013230645932619725572639436
3	6	26938189779268705685356385331910234866
3	2	203425560492866585865146412060992586197
4	5	311039491118663769432609262906896997730
4	1	276778405655077033699448794441271705106
4	1	28407338740603262767927920621522775333
5	1	241711738599064297041559683771563616655
5	4	70583472755460125519803218046518186337
5	1	122413426707749398535057609462486820033
6	1	283983824589950802096849761265566535140
6	1	225565637812331437682526682259015957484
6	2	80217421863689884443981146804774334457

269185644357286845520465791587333105830
10
0	1	1
1	2	1
3	4	1
4	6	1
0	6	1
4	5	1
5	6	1
0	5	1
1	6	1
3	5	1
17
2	10	190532913495013230645932619725572639436
3	10	26938189779268705685356385331910234866
3	4	203425560492866585865146412060992586197
4	8	311039491118663769432609262906896997730
4	5	276778405655077033699448794441271705106
4	3	28407338740603262767927920621522775333
5	3	241711738599064297041559683771563616655
5	4	70583472755460125519803218046518186337
5	3	122413426707749398535057609462486820033
5	2	228120980654083526567221909418708093562
5	1	316306724293215174837434095580393559904
6	1	186490467806945553434987091843426949835
6	1	225565637812331437682526682259015957484
6	1	189404732720407963507943048907045141107
6	1	186117795512216682652577372307827886780
6	1	324907564450557633089238116115065655668
6	1	283983824589950802096849761265566535140

199157380273184276424830728429169342098
8
0	1	1
1	2	1
3	4	1
4	6	1
2	6	1
0	5	1
1	6	1
3	5	1
12
2	8	190532913495013230645932619725572639436
3	8	26938189779268705685356385331910234866
3	1	203425560492866585865146412060992586197
4	8	311039491118663769432609262906896997730
4	2	276778405655077033699448794441271705106
5	8	70583472755460125519803218046518186337
5	2	241711738599064297041559683771563616655
5	1	316306724293215174837434095580393559904
6	2	80217421863689884443981146804774334457
6	1	335740877444884575112211396305633124590
6	2	225565637812331437682526682259015957484
6	2	324907564450557633089238116115065655668

210755217287694497632114104758107631408
11
0	1	1
1	2	1
0	4	1
3	4	1
1	5	1
0	3	1
1	4	1
4	5	1
2	6	1
5	6	1
2	5	1
15
2	11	190532913495013230645932619725572639436
3	11	26938189779268705685356385331910234866
3	5	203425560492866585865146412060992586197
4	4	28407338740603262767927920621522775333
4	10	311039491118663769432609262906896997730
4	6	276778405655077033699448794441271705106
5	4	122413426707749398535057609462486820033
5	3	228120980654083526567221909418708093562
5	6	241711738599064297041559683771563616655
5	3	70583472755460125519803218046518186337
5	1	316306724293215174837434095580393559904
6	2	186490467806945553434987091843426949835
6	2	283983824589950802096849761265566535140
6	2	186117795512216682652577372307827886780
6	1	150457413209115674699530230766326799844

197667669246644400072568643639246139261
6
0	1	1
0	4	1
0	3	1
2	3	1
2	6	1
2	5	1
7
2	6	190532913495013230645932619725572639436
3	7	26938189779268705685356385331910234866
4	2	208263414599110180129227299161406071649
4	4	311039491118663769432609262906896997730
5	2	334332082064646257233641390150216621276
5	4	70583472755460125519803218046518186337
6	4	106803324821260688311837247872831621272

222150111785930348380659729503195581082
7
0	1	1
0	4	1
3	4	1
2	6	1
0	5	1
3	6	1
2	5	1
10
2	7	190532913495013230645932619725572639436
3	8	26938189779268705685356385331910234866
4	1	208263414599110180129227299161406071649
4	8	311039491118663769432609262906896997730
5	2	334332082064646257233641390150216621276
5	8	70583472755460125519803218046518186337
6	2	106803324821260688311837247872831621272
6	1	68446563695875004160046512386787107736
6	2	80217421863689884443981146804774334457
6	1	335740877444884575112211396305633124590

209651569909799793373280094545703026135
12
0	1	1
0	4	1
3	4	1
1	5	1
0	3	1
1	4	1
0	6	1
0	2	1
2	6	1
0	5	1
3	6	1
2	5	1
13
2	12	190532913495013230645932619725572639436
3	15	26938189779268705685356385331910234866
3	6	203425560492866585865146412060992586197
4	6	28407338740603262767927920621522775333
4	2	208263414599110180129227299161406071649
4	12	276778405655077033699448794441271705106
4	6	311039491118663769432609262906896997730
5	6	186299392878969677677838981007666456434
5	6	228120980654083526567221909418708093562
5	3	59471967516362300881130304760998501908
5	6	70583472755460125519803218046518186337
6	6	513067228546965519416518260857760925
6	1	335740877444884575112211396305633124590

143319360460307006311320915369991454973
10
0	1	1
1	5	1
0	3	1
1	4	1
0	6	1
2	3	1
4	5	1
2	6	1
0	5	1
3	6	1
12
2	10	190532913495013230645932619725572639436
3	8	26938189779268705685356385331910234866
3	4	203425560492866585865146412060992586197
4	4	276778405655077033699448794441271705106
4	8	311039491118663769432609262906896997730
4	2	28407338740603262767927920621522775333
5	4	122413426707749398535057609462486820033
5	4	241711738599064297041559683771563616655
5	1	59471967516362300881130304760998501908
5	4	70583472755460125519803218046518186337
6	2	275523074058594287921386266849762036814
6	4	283983824589950802096849761265566535140

# Topo. # : Multp.
51124820733610651908235511379659854510	312
299714056458833335314578331985390381243	24
135970253118604443765366350811540426374	72
45752787491702769094628606000247007827	36
204206562047213326012338137220378974285	54
69444677532299211061721172330732387441	72
32698551701691492003856247666299024357	36
152053070457529064427942598035947961518	12
75677309124364311859669004851668112080	24
155407255269012144128608136644287680197	12
232053123528074222423852777966555673832	6
85838484068934494954655932384557052543	12
298588900744264569419355592469701057083	72
17542264300105954492205892817581143278	24
333711301910920698744596739716100730162	48
48065929654900833812283827735632014214	6
163093361462862039776656161139118312910	12
65762781560629965539616488687750033620	12
199480903029129748089119789282953179131	150
130098300966068786327953638164366221900	54
158345235505098944009232473165095445150	18
221430778021327273586565113032781833377	72
147759763172920256972249740528188599410	12
329952522710845850664688157982986700497	12
96078317973904804672366196135971541697	24
193322030976932099386058666263311153144	12
138828730015918283021223708898891905275	144
16924971723475212044244674060794233815	24
30787657321879387038212834389309182604	420
123832629421756145587076627745950446452	96
180675976439828185920770137651250133500	24
226510543670067505639001888747087704773	72
261209874787477264835173180974920490939	210
257258525241023338355604716694715156663	48
247303028134846629633510859050932969448	24
105653824426606641219696263578528045950	6
113517781608959689536388357638800905642	12
2740167417692343354513791049176597965	12
61917808343001415848134219517379036424	6
51315769682535567660222028088679040952	312
221585680617639251868795209641203311631	36
321728435507930943012062418721556004863	12
315258760132110741457628142662901089261	36
207861698854826350614619836810173087130	24
191950547030207950079006497391374364829	699
226751872400074327090950252074613589024	72
164428511895220786334798125708301902102	108
269185644357286845520465791587333105830	24
199157380273184276424830728429169342098	6
210755217287694497632114104758107631408	6
197667669246644400072568643639246139261	9
222150111785930348380659729503195581082	6
209651569909799793373280094545703026135	1
143319360460307006311320915369991454973	3
