4
276778405655077033699448794441271705106
4
0	1	1
2	3	1
0	3	1
1	3	1
3
2	4	190532913495013230645932619725572639436
3	1	203425560492866585865146412060992586197
3	2	26938189779268705685356385331910234866

311039491118663769432609262906896997730
3
1	2	1
0	3	1
1	3	1
2
2	3	190532913495013230645932619725572639436
3	2	26938189779268705685356385331910234866

208263414599110180129227299161406071649
3
2	3	1
0	3	1
1	3	1
2
2	3	190532913495013230645932619725572639436
3	3	26938189779268705685356385331910234866

28407338740603262767927920621522775333
5
1	2	1
0	3	1
2	3	1
0	2	1
1	3	1
3
2	5	190532913495013230645932619725572639436
3	2	26938189779268705685356385331910234866
3	2	203425560492866585865146412060992586197

# Topo. # : Multp.
276778405655077033699448794441271705106	12
311039491118663769432609262906896997730	27
208263414599110180129227299161406071649	2
28407338740603262767927920621522775333	3
